Entrada                                       Tiempo        nodos abiertos               Distancia
-----------------------------------------------------------------------------
4 5 6 7 8 9 10 11 12 13 14 15 16 0 1 2 3         True 373             52036                     5
11 12 13 14 15 16 0 1 2 3 4 5 6 7 8 9 10         True 257             37587                     5
2 3 4 5 6 7 8 9 10 11 12 13 14 15 16 0 1         True 315             53945                     5
16 0 1 2 3 4 5 6 7 8 9 10 11 12 13 14 15         True 463             68290                     5
10 11 12 13 14 15 16 0 1 2 3 4 5 6 7 8 9         True 128             8717                     5
15 16 0 1 2 3 4 5 6 7 8 9 10 11 12 13 14         True 777             120939                     5
15 16 0 1 2 3 4 5 6 7 8 9 10 11 12 13 14         True 2             1733                     3
2 3 4 5 6 7 8 9 10 11 12 13 14 15 16 0 1         True 353             67052                     5
0 1 2 3 4 5 6 7 8 9 10 11 12 13 14 15 16         True 606             96312                     5
3 4 5 6 7 8 9 10 11 12 13 14 15 16 0 1 2         True 306             61309                     5