../../benchmarks/topspin_14_4/topspin_14_4.d=005.txt
Entrada 			              Tiempo 	    nodos abiertos       	 Distancia 	
-----------------------------------------------------------------------------
13 0 1 2 3 4 5 6 7 8 9 10 11 12  	 True 136             43989                     5
7 8 9 10 11 12 13 0 1 2 3 4 5 6  	 True 147             51889                     5
11 12 13 0 1 2 3 4 5 6 7 8 9 10  	 True 115             46473                     5
4 5 6 7 8 9 10 11 12 13 0 1 2 3  	 True 13             987                     5
0 1 2 3 4 5 6 7 8 9 10 11 12 13  	 True 133             53162                     5
10 11 12 13 0 1 2 3 4 5 6 7 8 9  	 True 154             57932                     5
3 4 5 6 7 8 9 10 11 12 13 0 1 2  	 True 35             15769                     5
12 13 0 1 2 3 4 5 6 7 8 9 10 11  	 True 31             11924                     5
12 13 0 1 2 3 4 5 6 7 8 9 10 11  	 True 20             8582                     5
1 2 3 4 5 6 7 8 9 10 11 12 13 0  	 True 13             2281                     5
