Entrada                                       Tiempo        nodos abiertos               Distancia
-----------------------------------------------------------------------------
6 7 8 9 10 11 0 1 2 3 4 5        True 77421             9409134                     8
11 0 1 2 3 4 5 6 7 8 9 10        True 94166             9057918                     8
0 1 2 3 4 5 6 7 8 9 10 11        True 91359             10109178                     8
2 3 4 5 6 7 8 9 10 11 0 1        True 637205             13463898                     10
0 1 2 3 4 5 6 7 8 9 10 11        True 544987             3208176                     10
0 1 2 3 4 5 6 7 8 9 10 11        True 19996             1883671                     8
9 10 11 0 1 2 3 4 5 6 7 8        True 270512             25897759                     9
0 1 2 3 4 5 6 7 8 9 10 11        True 640862             21218125                     10
5 6 7 8 9 10 11 0 1 2 3 4        True 307626             24798545                     9
9 10 11 0 1 2 3 4 5 6 7 8        True 16845             1477885                     8