Entrada                                       Tiempo        nodos abiertos               Distancia
-----------------------------------------------------------------------------
6 7 8 9 10 11 0 1 2 3 4 5        True 103182             9409134                     8
11 0 1 2 3 4 5 6 7 8 9 10        True 131016             9057918                     8
0 1 2 3 4 5 6 7 8 9 10 11        True 127907             10109178                     8
2 3 4 5 6 7 8 9 10 11 0 1        True 814080             13463898                     10
0 1 2 3 4 5 6 7 8 9 10 11        True 694325             3208176                     10
0 1 2 3 4 5 6 7 8 9 10 11        True 26474             1883671                     8
9 10 11 0 1 2 3 4 5 6 7 8        True 335789             25897759                     9
6 2 4 0 8 3 10 9 7 5 1 11        Interrumpted   900001             14476843                     10
6 2 4 0 8 3 10 9 7 5 1 11        False  900001             14476843                     10
5 6 7 8 9 10 11 0 1 2 3 4        True 525627             24798545                     9
9 10 11 0 1 2 3 4 5 6 7 8        True 21174             1477885                     8